date,injected_iryo,injected_1st_iryo,injected_2nd_iryo,injected_total_iryo,injected_1st_total_iryo,injected_2nd_total_iryo,injected_korei,injected_1st_korei,injected_2nd_korei,injected_total_korei,injected_1st_total_korei,injected_2nd_total_korei,injected,injected_1st,injected_2nd,injected_total,injected_1st_total,injected_2nd_total
2021-04-12,96936,26850,70086,96936,26850,70086,0,0,0,0,0,0,96936,26850,70086,96936,26850,70086
2021-04-13,53986,13896,40090,150922,40746,110176,0,0,0,0,0,0,53986,13896,40090,150922,40746,110176
2021-04-14,50996,9569,41427,201918,50315,151603,0,0,0,0,0,0,50996,9569,41427,201918,50315,151603
2021-04-15,52620,16637,35983,254538,66952,187586,0,0,0,0,0,0,52620,16637,35983,254538,66952,187586
2021-04-16,69687,29696,39991,324225,96648,227577,2957,2957,0,2957,2957,0,72644,32653,39991,327182,99605,227577
2021-04-17,0,0,0,0,0,0,3565,3565,0,6522,6522,0,3565,3565,0,330747,103170,227577
2021-04-18,0,0,0,0,0,0,5641,5641,0,12163,12163,0,5641,5641,0,336388,108811,227577
2021-04-19,119032,64725,54307,443257,161373,281884,10738,10738,0,22901,22901,0,129770,75463,54307,466158,184274,281884
2021-04-20,126419,98622,27797,569676,259995,309681,17292,17292,0,40193,40193,0,143711,115914,27797,609869,300188,309681
2021-04-21,152884,126188,26696,722560,386183,336377,20249,20249,0,60442,60442,0,173133,146437,26696,783002,446625,336377
2021-04-22,150489,128634,21855,873049,514817,358232,18722,18722,0,79164,79164,0,169211,147356,21855,952213,593981,358232
2021-04-23,177672,147989,29683,1050721,662806,387915,13792,13792,0,92956,92956,0,191464,161781,29683,1143677,755762,387915
2021-04-24,0,0,0,0,0,0,12836,12836,0,105792,105792,0,12836,12836,0,1156513,768598,387915
2021-04-25,0,0,0,0,0,0,13176,13176,0,118968,118968,0,13176,13176,0,1169689,781774,387915
2021-04-26,263328,221677,41651,1314049,884483,429566,21081,21081,0,140049,140049,0,284409,242758,41651,1454098,1024532,429566
2021-04-27,203174,172069,31105,1517223,1056552,460671,28373,28373,0,168422,168422,0,231547,200442,31105,1685645,1224974,460671
2021-04-28,238273,194005,44268,1755496,1250557,504939,27841,27841,0,196263,196263,0,266114,221846,44268,1951759,1446820,504939
2021-04-29,0,0,0,0,0,0,11044,11044,0,207307,207307,0,11044,11044,0,1962803,1457864,504939
2021-04-30,274907,227667,47240,2030403,1478224,552179,20401,20401,0,227708,227708,0,295308,248068,47240,2258111,1705932,552179
2021-05-01,0,0,0,0,0,0,17942,17942,0,245650,245650,0,17942,17942,0,2276053,1723874,552179
2021-05-02,0,0,0,0,0,0,19135,19135,0,264785,264785,0,19135,19135,0,2295188,1743009,552179
2021-05-03,0,0,0,0,0,0,5944,5227,717,270729,270012,717,5944,5227,717,2301132,1748236,552896
2021-05-04,0,0,0,0,0,0,6696,6189,507,277425,276201,1224,6696,6189,507,2307828,1754425,553403
2021-05-05,0,0,0,0,0,0,8141,7532,609,285566,283733,1833,8141,7532,609,2315969,1761957,554012
2021-05-06,331914,268978,62936,2362317,1747202,615115,31472,27876,3596,317038,311609,5429,363386,296854,66532,2679355,2058811,620544
2021-05-07,140344,97165,43179,2502661,1844367,658294,28226,25175,3051,345264,336784,8480,168570,122340,46230,2847925,2181151,666774
2021-05-08,0,0,0,0,0,0,45848,42572,3276,391112,379356,11756,45848,42572,3276,2893773,2223723,670050
2021-05-09,0,0,0,0,0,0,64505,58917,5588,455617,438273,17344,64505,58917,5588,2958278,2282640,675638
2021-05-10,223504,155255,68249,2726165,1999622,726543,76497,68171,8326,532114,506444,25670,300001,223426,76575,3258279,2506066,752213
2021-05-11,168738,90287,78451,2894903,2089909,804994,99145,86114,13031,631259,592558,38701,267883,176401,91482,3526162,2682467,843695
2021-05-12,181720,82959,98761,3076623,2172868,903755,125783,110707,15076,757042,703265,53777,307503,193666,113837,3833665,2876133,957532
2021-05-13,219139,93429,125710,3295762,2266297,1029465,123134,109314,13820,880176,812579,67597,342273,202743,139530,4175938,3078876,1097062
2021-05-14,242878,99493,143385,3538640,2365790,1172850,97422,87401,10021,977598,899980,77618,340300,186894,153406,4516238,3265770,1250468
2021-05-15,0,0,0,0,0,0,111381,101928,9453,1088979,1001908,87071,111381,101928,9453,4627619,3367698,1259921
2021-05-16,0,0,0,0,0,0,161103,150634,10469,1250082,1152542,97540,161103,150634,10469,4788722,3518332,1270390
2021-05-17,349566,133843,215723,3888206,2499633,1388573,161822,146710,15112,1411904,1299252,112652,511388,280553,230835,5300110,3798885,1501225
2021-05-18,250244,94577,155667,4138450,2594210,1544240,191513,171420,20093,1603417,1470672,132745,441757,265997,175760,5741867,4064882,1676985
2021-05-19,267866,88163,179703,4406316,2682373,1723943,216132,197208,18924,1819549,1667880,151669,483998,285371,198627,6225865,4350253,1875612
2021-05-20,190533,81422,109111,4596849,2763795,1833054,202581,194916,7665,2022130,1862796,159334,393114,276338,116776,6618979,4626591,1992388
2021-05-21,249021,99918,149103,4845870,2863713,1982157,190574,176122,14452,2212704,2038918,173786,439595,276040,163555,7058574,4902631,2155943
2021-05-22,0,0,0,0,0,0,179163,165973,13190,2391867,2204891,186976,179163,165973,13190,7237737,5068604,2169133
2021-05-23,0,0,0,0,0,0,185156,173191,11965,2577023,2378082,198941,185156,173191,11965,7422893,5241795,2181098
2021-05-24,330589,136760,193829,5176459,3000473,2175986,272902,268244,4658,2849925,2646326,203599,603491,405004,198487,8026384,5646799,2379585
2021-05-25,139652,87590,52062,5316111,3088063,2228048,260428,256098,4330,3110353,2902424,207929,400080,343688,56392,8426464,5990487,2435977
