date,injected_iryo,injected_1st_iryo,injected_2nd_iryo,injected_total_iryo,injected_1st_total_iryo,injected_2nd_total_iryo,injected_korei,injected_1st_korei,injected_2nd_korei,injected_total_korei,injected_1st_total_korei,injected_2nd_total_korei,injected,injected_1st,injected_2nd,injected_total,injected_1st_total,injected_2nd_total
2021-04-12,96936,26850,70086,96936,26850,70086,0,0,0,0,0,0,96936,26850,70086,96936,26850,70086
2021-04-13,53986,13896,40090,150922,40746,110176,0,0,0,0,0,0,53986,13896,40090,150922,40746,110176
2021-04-14,50996,9569,41427,201918,50315,151603,0,0,0,0,0,0,50996,9569,41427,201918,50315,151603
2021-04-15,52620,16637,35983,254538,66952,187586,0,0,0,0,0,0,52620,16637,35983,254538,66952,187586
2021-04-16,69687,29696,39991,324225,96648,227577,2962,2962,0,2962,2962,0,72649,32658,39991,327187,99610,227577
2021-04-17,0,0,0,0,0,0,3564,3564,0,6526,6526,0,3564,3564,0,330751,103174,227577
2021-04-18,0,0,0,0,0,0,5638,5638,0,12164,12164,0,5638,5638,0,336389,108812,227577
2021-04-19,119032,64725,54307,443257,161373,281884,11059,11059,0,23223,23223,0,130091,75784,54307,466480,184596,281884
2021-04-20,126419,98622,27797,569676,259995,309681,17773,17773,0,40996,40996,0,144192,116395,27797,610672,300991,309681
2021-04-21,152884,126188,26696,722560,386183,336377,20685,20685,0,61681,61681,0,173569,146873,26696,784241,447864,336377
2021-04-22,150489,128634,21855,873049,514817,358232,19098,19098,0,80779,80779,0,169587,147732,21855,953828,595596,358232
2021-04-23,177672,147989,29683,1050721,662806,387915,14331,14331,0,95110,95110,0,192003,162320,29683,1145831,757916,387915
2021-04-24,0,0,0,0,0,0,13501,13501,0,108611,108611,0,13501,13501,0,1159332,771417,387915
2021-04-25,0,0,0,0,0,0,13682,13682,0,122293,122293,0,13682,13682,0,1173014,785099,387915
2021-04-26,263328,221677,41651,1314049,884483,429566,22274,22274,0,144567,144567,0,285602,243951,41651,1458616,1029050,429566
2021-04-27,203174,172069,31105,1517223,1056552,460671,30244,30244,0,174811,174811,0,233418,202313,31105,1692034,1231363,460671
2021-04-28,238273,194005,44268,1755496,1250557,504939,29576,29576,0,204387,204387,0,267849,223581,44268,1959883,1454944,504939
2021-04-29,0,0,0,0,0,0,11257,11257,0,215644,215644,0,11257,11257,0,1971140,1466201,504939
2021-04-30,274907,227667,47240,2030403,1478224,552179,21444,21444,0,237088,237088,0,296351,249111,47240,2267491,1715312,552179
2021-05-01,0,0,0,0,0,0,18161,18161,0,255249,255249,0,18161,18161,0,2285652,1733473,552179
2021-05-02,0,0,0,0,0,0,19211,19211,0,274460,274460,0,19211,19211,0,2304863,1752684,552179
2021-05-03,0,0,0,0,0,0,5955,5238,717,280415,279698,717,5955,5238,717,2310818,1757922,552896
2021-05-04,0,0,0,0,0,0,6718,6212,506,287133,285910,1223,6718,6212,506,2317536,1764134,553402
2021-05-05,0,0,0,0,0,0,8152,7544,608,295285,293454,1831,8152,7544,608,2325688,1771678,554010
2021-05-06,331914,268978,62936,2362317,1747202,615115,32025,28333,3692,327310,321787,5523,363939,297311,66628,2689627,2068989,620638
2021-05-07,140344,97165,43179,2502661,1844367,658294,29067,25799,3268,356377,347586,8791,169411,122964,46447,2859038,2191953,667085
2021-05-08,0,0,0,0,0,0,47171,43824,3347,403548,391410,12138,47171,43824,3347,2906209,2235777,670432
2021-05-09,0,0,0,0,0,0,66299,60631,5668,469847,452041,17806,66299,60631,5668,2972508,2296408,676100
2021-05-10,223504,155255,68249,2726165,1999622,726543,78335,69656,8679,548182,521697,26485,301839,224911,76928,3274347,2521319,753028
2021-05-11,168738,90287,78451,2894903,2089909,804994,101464,87968,13496,649646,609665,39981,270202,178255,91947,3544549,2699574,844975
2021-05-12,181720,82959,98761,3076623,2172868,903755,129364,113574,15790,779010,723239,55771,311084,196533,114551,3855633,2896107,959526
2021-05-13,219139,93429,125710,3295762,2266297,1029465,126923,112362,14561,905933,835601,70332,346062,205791,140271,4201695,3101898,1099797
2021-05-14,242878,99493,143385,3538640,2365790,1172850,100832,90295,10537,1006765,925896,80869,343710,189788,153922,4545405,3291686,1253719
2021-05-15,0,0,0,0,0,0,114150,104003,10147,1120915,1029899,91016,114150,104003,10147,4659555,3395689,1263866
2021-05-16,0,0,0,0,0,0,163954,153099,10855,1284869,1182998,101871,163954,153099,10855,4823509,3548788,1274721
2021-05-17,349566,133843,215723,3888206,2499633,1388573,168003,152023,15980,1452872,1335021,117851,517569,285866,231703,5341078,3834654,1506424
2021-05-18,250244,94577,155667,4138450,2594210,1544240,200979,179703,21276,1653851,1514724,139127,451223,274280,176943,5792301,4108934,1683367
2021-05-19,267866,88163,179703,4406316,2682373,1723943,237277,216853,20424,1891128,1731577,159551,505143,305016,200127,6297444,4413950,1883494
2021-05-20,190533,81422,109111,4596849,2763795,1833054,225240,216767,8473,2116368,1948344,168024,415773,298189,117584,6713217,4712139,2001078
2021-05-21,249021,99918,149103,4845870,2863713,1982157,204515,189097,15418,2320883,2137441,183442,453536,289015,164521,7166753,5001154,2165599
2021-05-22,0,0,0,0,0,0,198742,183979,14763,2519625,2321420,198205,198742,183979,14763,7365495,5185133,2180362
2021-05-23,0,0,0,0,0,0,206968,193646,13322,2726593,2515066,211527,206968,193646,13322,7572463,5378779,2193684
2021-05-24,330589,136760,193829,5176459,3000473,2175986,300608,295210,5398,3027201,2810276,216925,631197,431970,199227,8203660,5810749,2392911
2021-05-25,139652,87590,52062,5316111,3088063,2228048,328027,322446,5581,3355228,3132722,222506,467679,410036,57643,8671339,6220785,2450554
2021-05-26,142589,93415,49174,5458700,3181478,2277222,338755,332224,6531,3693983,3464946,229037,481344,425639,55705,9152683,6646424,2506259
2021-05-27,145149,84257,60892,5603849,3265735,2338114,273979,260210,13769,3967962,3725156,242806,419128,344467,74661,9571811,6990891,2580920
