date,injected_iryo,injected_1st_iryo,injected_2nd_iryo,injected_total_iryo,injected_1st_total_iryo,injected_2nd_total_iryo,injected_korei,injected_1st_korei,injected_2nd_korei,injected_total_korei,injected_1st_total_korei,injected_2nd_total_korei,injected,injected_1st,injected_2nd,injected_total,injected_1st_total,injected_2nd_total
2021-04-12,96936,26850,70086,96936,26850,70086,0,0,0,0,0,0,96936,26850,70086,96936,26850,70086
2021-04-13,53986,13896,40090,150922,40746,110176,0,0,0,0,0,0,53986,13896,40090,150922,40746,110176
2021-04-14,50996,9569,41427,201918,50315,151603,0,0,0,0,0,0,50996,9569,41427,201918,50315,151603
2021-04-15,52620,16637,35983,254538,66952,187586,0,0,0,0,0,0,52620,16637,35983,254538,66952,187586
2021-04-16,69687,29696,39991,324225,96648,227577,2958,2958,0,2958,2958,0,72645,32654,39991,327183,99606,227577
2021-04-17,0,0,0,0,0,0,3562,3562,0,6520,6520,0,3562,3562,0,330745,103168,227577
2021-04-18,0,0,0,0,0,0,5638,5638,0,12158,12158,0,5638,5638,0,336383,108806,227577
2021-04-19,119032,64725,54307,443257,161373,281884,10860,10860,0,23018,23018,0,129892,75585,54307,466275,184391,281884
2021-04-20,126419,98622,27797,569676,259995,309681,17534,17534,0,40552,40552,0,143953,116156,27797,610228,300547,309681
2021-04-21,152884,126188,26696,722560,386183,336377,20457,20457,0,61009,61009,0,173341,146645,26696,783569,447192,336377
2021-04-22,150489,128634,21855,873049,514817,358232,18909,18909,0,79918,79918,0,169398,147543,21855,952967,594735,358232
2021-04-23,177672,147989,29683,1050721,662806,387915,14070,14070,0,93988,93988,0,191742,162059,29683,1144709,756794,387915
2021-04-24,0,0,0,0,0,0,13263,13263,0,107251,107251,0,13263,13263,0,1157972,770057,387915
2021-04-25,0,0,0,0,0,0,13509,13509,0,120760,120760,0,13509,13509,0,1171481,783566,387915
2021-04-26,263328,221677,41651,1314049,884483,429566,21478,21478,0,142238,142238,0,284806,243155,41651,1456287,1026721,429566
2021-04-27,203174,172069,31105,1517223,1056552,460671,28829,28829,0,171067,171067,0,232003,200898,31105,1688290,1227619,460671
2021-04-28,238273,194005,44268,1755496,1250557,504939,28341,28341,0,199408,199408,0,266614,222346,44268,1954904,1449965,504939
2021-04-29,0,0,0,0,0,0,11164,11164,0,210572,210572,0,11164,11164,0,1966068,1461129,504939
2021-04-30,274907,227667,47240,2030403,1478224,552179,20645,20645,0,231217,231217,0,295552,248312,47240,2261620,1709441,552179
2021-05-01,0,0,0,0,0,0,17985,17985,0,249202,249202,0,17985,17985,0,2279605,1727426,552179
2021-05-02,0,0,0,0,0,0,19136,19136,0,268338,268338,0,19136,19136,0,2298741,1746562,552179
2021-05-03,0,0,0,0,0,0,5943,5226,717,274281,273564,717,5943,5226,717,2304684,1751788,552896
2021-05-04,0,0,0,0,0,0,6695,6189,506,280976,279753,1223,6695,6189,506,2311379,1757977,553402
2021-05-05,0,0,0,0,0,0,8135,7527,608,289111,287280,1831,8135,7527,608,2319514,1765504,554010
2021-05-06,331914,268978,62936,2362317,1747202,615115,31817,28221,3596,320928,315501,5427,363731,297199,66532,2683245,2062703,620542
2021-05-07,140344,97165,43179,2502661,1844367,658294,28671,25570,3101,349599,341071,8528,169015,122735,46280,2852260,2185438,666822
2021-05-08,0,0,0,0,0,0,46482,43170,3312,396081,384241,11840,46482,43170,3312,2898742,2228608,670134
2021-05-09,0,0,0,0,0,0,65124,59486,5638,461205,443727,17478,65124,59486,5638,2963866,2288094,675772
2021-05-10,223504,155255,68249,2726165,1999622,726543,77348,68911,8437,538553,512638,25915,300852,224166,76686,3264718,2512260,752458
2021-05-11,168738,90287,78451,2894903,2089909,804994,100675,87522,13153,639228,600160,39068,269413,177809,91604,3534131,2690069,844062
2021-05-12,181720,82959,98761,3076623,2172868,903755,128082,112690,15392,767310,712850,54460,309802,195649,114153,3843933,2885718,958215
2021-05-13,219139,93429,125710,3295762,2266297,1029465,124981,110828,14153,892291,823678,68613,344120,204257,139863,4188053,3089975,1098078
2021-05-14,242878,99493,143385,3538640,2365790,1172850,99368,89104,10264,991659,912782,78877,342246,188597,153649,4530299,3278572,1251727
2021-05-15,0,0,0,0,0,0,113209,103357,9852,1104868,1016139,88729,113209,103357,9852,4643508,3381929,1261579
2021-05-16,0,0,0,0,0,0,162817,152125,10692,1267685,1168264,99421,162817,152125,10692,4806325,3534054,1272271
2021-05-17,349566,133843,215723,3888206,2499633,1388573,165940,150407,15533,1433625,1318671,114954,515506,284250,231256,5321831,3818304,1503527
2021-05-18,250244,94577,155667,4138450,2594210,1544240,197091,176419,20672,1630716,1495090,135626,447335,270996,176339,5769166,4089300,1679866
2021-05-19,267866,88163,179703,4406316,2682373,1723943,228716,209134,19582,1859432,1704224,155208,496582,297297,199285,6265748,4386597,1879151
2021-05-20,190533,81422,109111,4596849,2763795,1833054,210549,202594,7955,2069981,1906818,163163,401082,284016,117066,6666830,4670613,1996217
2021-05-21,249021,99918,149103,4845870,2863713,1982157,198086,183227,14859,2268067,2090045,178022,447107,283145,163962,7113937,4953758,2160179
2021-05-22,0,0,0,0,0,0,187636,173626,14010,2455703,2263671,192032,187636,173626,14010,7301573,5127384,2174189
2021-05-23,0,0,0,0,0,0,197089,184203,12886,2652792,2447874,204918,197089,184203,12886,7498662,5311587,2187075
2021-05-24,330589,136760,193829,5176459,3000473,2175986,290592,285543,5049,2943384,2733417,209967,621181,422303,198878,8119843,5733890,2385953
2021-05-25,139652,87590,52062,5316111,3088063,2228048,307898,302678,5220,3251282,3036095,215187,447550,390268,57282,8567393,6124158,2443235
2021-05-26,142589,93415,49174,5458700,3181478,2277222,280664,275950,4714,3531946,3312045,219901,423253,369365,53888,8990646,6493523,2497123
