date,injected_iryo,injected_1st_iryo,injected_2nd_iryo,injected_total_iryo,injected_1st_total_iryo,injected_2nd_total_iryo,injected_korei,injected_1st_korei,injected_2nd_korei,injected_total_korei,injected_1st_total_korei,injected_2nd_total_korei,injected,injected_1st,injected_2nd,injected_total,injected_1st_total,injected_2nd_total
2021-04-12,96936,26850,70086,96936,26850,70086,0,0,0,0,0,0,96936,26850,70086,96936,26850,70086
2021-04-13,53986,13896,40090,150922,40746,110176,0,0,0,0,0,0,53986,13896,40090,150922,40746,110176
2021-04-14,50996,9569,41427,201918,50315,151603,0,0,0,0,0,0,50996,9569,41427,201918,50315,151603
2021-04-15,52620,16637,35983,254538,66952,187586,0,0,0,0,0,0,52620,16637,35983,254538,66952,187586
2021-04-16,69687,29696,39991,324225,96648,227577,3796,3796,0,3796,3796,0,73483,33492,39991,328021,100444,227577
2021-04-17,0,0,0,0,0,0,3755,3755,0,7551,7551,0,3755,3755,0,331776,104199,227577
2021-04-18,0,0,0,0,0,0,5814,5814,0,13365,13365,0,5814,5814,0,337590,110013,227577
2021-04-19,119032,64725,54307,443257,161373,281884,12615,12615,0,25980,25980,0,131647,77340,54307,469237,187353,281884
2021-04-20,126419,98622,27797,569676,259995,309681,21876,21876,0,47856,47856,0,148295,120498,27797,617532,307851,309681
2021-04-21,152884,126188,26696,722560,386183,336377,27245,27245,0,75101,75101,0,180129,153433,26696,797661,461284,336377
2021-04-22,150489,128634,21855,873049,514817,358232,25106,25106,0,100207,100207,0,175595,153740,21855,973256,615024,358232
2021-04-23,177672,147989,29683,1050721,662806,387915,21356,21356,0,121563,121563,0,199028,169345,29683,1172284,784369,387915
2021-04-24,0,0,0,0,0,0,15953,15953,0,137516,137516,0,15953,15953,0,1188237,800322,387915
2021-04-25,0,0,0,0,0,0,13798,13798,0,151314,151314,0,13798,13798,0,1202035,814120,387915
2021-04-26,263328,221677,41651,1314049,884483,429566,26420,26420,0,177734,177734,0,289748,248097,41651,1491783,1062217,429566
2021-04-27,203174,172069,31105,1517223,1056552,460671,36114,36114,0,213848,213848,0,239288,208183,31105,1731071,1270400,460671
2021-04-28,238273,194005,44268,1755496,1250557,504939,36455,36455,0,250303,250303,0,274728,230460,44268,2005799,1500860,504939
2021-04-29,0,0,0,0,0,0,11513,11513,0,261816,261816,0,11513,11513,0,2017312,1512373,504939
2021-04-30,274907,227667,47240,2030403,1478224,552179,27780,27780,0,289596,289596,0,302687,255447,47240,2319999,1767820,552179
2021-05-01,0,0,0,0,0,0,19286,19286,0,308882,308882,0,19286,19286,0,2339285,1787106,552179
2021-05-02,0,0,0,0,0,0,19444,19444,0,328326,328326,0,19444,19444,0,2358729,1806550,552179
2021-05-03,0,0,0,0,0,0,6045,5319,726,334371,333645,726,6045,5319,726,2364774,1811869,552905
2021-05-04,0,0,0,0,0,0,6790,6272,518,341161,339917,1244,6790,6272,518,2371564,1818141,553423
2021-05-05,0,0,0,0,0,0,8202,7584,618,349363,347501,1862,8202,7584,618,2379766,1825725,554041
2021-05-06,331914,268978,62936,2362317,1747202,615115,33072,29278,3794,382435,376779,5656,364986,298256,66730,2744752,2123981,620771
2021-05-07,140344,97165,43179,2502661,1844367,658294,30686,27133,3553,413121,403912,9209,171030,124298,46732,2915782,2248279,667503
2021-05-08,0,0,0,0,0,0,48228,44794,3434,461349,448706,12643,48228,44794,3434,2964010,2293073,670937
2021-05-09,0,0,0,0,0,0,67474,61839,5635,528823,510545,18278,67474,61839,5635,3031484,2354912,676572
2021-05-10,223504,155255,68249,2726165,1999622,726543,81288,72224,9064,610111,582769,27342,304792,227479,77313,3336276,2582391,753885
2021-05-11,168738,90287,78451,2894903,2089909,804994,106577,92058,14519,716688,674827,41861,275315,182345,92970,3611591,2764736,846855
2021-05-12,181720,82959,98761,3076623,2172868,903755,135504,118590,16914,852192,793417,58775,317224,201549,115675,3928815,2966285,962530
2021-05-13,219139,93429,125710,3295762,2266297,1029465,132546,117231,15315,984738,910648,74090,351685,210660,141025,4280500,3176945,1103555
2021-05-14,242878,99493,143385,3538640,2365790,1172850,105599,94337,11262,1090337,1004985,85352,348477,193830,154647,4628977,3370775,1258202
2021-05-15,0,0,0,0,0,0,118431,107503,10928,1208768,1112488,96280,118431,107503,10928,4747408,3478278,1269130
2021-05-16,0,0,0,0,0,0,169230,157601,11629,1377998,1270089,107909,169230,157601,11629,4916638,3635879,1280759
2021-05-17,349566,133843,215723,3888206,2499633,1388573,173707,157145,16562,1551705,1427234,124471,523273,290988,232285,5439911,3926867,1513044
2021-05-18,250244,94577,155667,4138450,2594210,1544240,208018,185656,22362,1759723,1612890,146833,458262,280233,178029,5898173,4207100,1691073
2021-05-19,267866,88163,179703,4406316,2682373,1723943,247974,226476,21498,2007697,1839366,168331,515840,314639,201201,6414013,4521739,1892274
2021-05-20,190533,81422,109111,4596849,2763795,1833054,238781,229919,8862,2246478,2069285,177193,429314,311341,117973,6843327,4833080,2010247
2021-05-21,249021,99918,149103,4845870,2863713,1982157,216505,200438,16067,2462983,2269723,193260,465526,300356,165170,7308853,5133436,2175417
2021-05-22,0,0,0,0,0,0,221524,205807,15717,2684507,2475530,208977,221524,205807,15717,7530377,5339243,2191134
2021-05-23,0,0,0,0,0,0,233894,218252,15642,2918401,2693782,224619,233894,218252,15642,7764271,5557495,2206776
2021-05-24,330589,136760,193829,5176459,3000473,2175986,321083,315442,5641,3239484,3009224,230260,651672,452202,199470,8415943,6009697,2406246
2021-05-25,139652,87590,52062,5316111,3088063,2228048,357847,351901,5946,3597331,3361125,236206,497499,439491,58008,8913442,6449188,2464254
2021-05-26,142589,93415,49174,5458700,3181478,2277222,383235,375988,7247,3980566,3737113,243453,525824,469403,56421,9439266,6918591,2520675
2021-05-27,145149,84257,60892,5603849,3265735,2338114,371394,349367,22027,4351960,4086480,265480,516543,433624,82919,9955809,7352215,2603594
2021-05-28,164516,87741,76775,5768365,3353476,2414889,351144,331957,19187,4703104,4418437,284667,515660,419698,95962,10471469,7771913,2699556
2021-05-29,0,0,0,0,0,0,288298,259837,28461,4991402,4678274,313128,288298,259837,28461,10759767,8031750,2728017
2021-05-30,0,0,0,0,0,0,257013,223111,33902,5248415,4901385,347030,257013,223111,33902,11016780,8254861,2761919
2021-05-31,273255,132005,141250,6041620,3485481,2556139,314502,271952,42550,5562917,5173337,389580,587757,403957,183800,11604537,8658818,2945719
